0 -0.0479094
0.00787402 -0.0850434
0.015748 -0.149935
0.023622 -0.199805
0.0314961 -0.241526
0.0393701 -0.279078
0.0472441 -0.312759
0.0551181 -0.341189
0.0629921 -0.362879
0.0708661 -0.376954
0.0787402 -0.383454
0.0866142 -0.383328
0.0944882 -0.378169
0.102362 -0.369805
0.110236 -0.359906
0.11811 -0.349736
0.125984 -0.340065
0.133858 -0.331228
0.141732 -0.32325
0.149606 -0.315986
0.15748 -0.309225
0.165354 -0.302767
0.173228 -0.296457
0.181102 -0.290188
0.188976 -0.283905
0.19685 -0.277581
0.204724 -0.271214
0.212598 -0.26481
0.220472 -0.258381
0.228346 -0.251938
0.23622 -0.245488
0.244094 -0.239038
0.251969 -0.232592
0.259843 -0.22615
0.267717 -0.219714
0.275591 -0.213283
0.283465 -0.206856
0.291339 -0.200433
0.299213 -0.194013
0.307087 -0.187595
0.314961 -0.181179
0.322835 -0.174764
0.330709 -0.16835
0.338583 -0.161937
0.346457 -0.155524
0.354331 -0.149111
0.362205 -0.142698
0.370079 -0.136284
0.377953 -0.12987
0.385827 -0.123454
0.393701 -0.117036
0.401575 -0.110615
0.409449 -0.104192
0.417323 -0.0977646
0.425197 -0.0913333
0.433071 -0.0848969
0.440945 -0.0784549
0.448819 -0.0720063
0.456693 -0.0655503
0.464567 -0.0590861
0.472441 -0.0526126
0.480315 -0.046129
0.488189 -0.039634
0.496063 -0.0331267
0.503937 -0.0266058
0.511811 -0.0200702
0.519685 -0.0135185
0.527559 -0.00694945
0.535433 -0.000361661
0.543307 0.00624633
0.551181 0.012876
0.559055 0.019529
0.566929 0.0262068
0.574803 0.0329112
0.582677 0.0396438
0.590551 0.0464066
0.598425 0.0532013
0.606299 0.06003
0.614173 0.0668945
0.622047 0.073797
0.629921 0.0807395
0.637795 0.0877243
0.645669 0.0947537
0.653543 0.10183
0.661417 0.108956
0.669291 0.116133
0.677165 0.123365
0.685039 0.130653
0.692913 0.138002
0.700787 0.145413
0.708661 0.15289
0.716535 0.160435
0.724409 0.168052
0.732283 0.175744
0.740157 0.183514
0.748031 0.191366
0.755906 0.199303
0.76378 0.207329
0.771654 0.215447
0.779528 0.223661
0.787402 0.231974
0.795276 0.240389
0.80315 0.24891
0.811024 0.257542
0.818898 0.266291
0.826772 0.275163
0.834646 0.28417
0.84252 0.293326
0.850394 0.302649
0.858268 0.312158
0.866142 0.32187
0.874016 0.331794
0.88189 0.341917
0.889764 0.352193
0.897638 0.362523
0.905512 0.372736
0.913386 0.382575
0.92126 0.391691
0.929134 0.399638
0.937008 0.405892
0.944882 0.409878
0.952756 0.411073
0.96063 0.409627
0.968504 0.409492
0.976378 0.428109
0.984252 0.509108
0.992126 0.706687
1 0.840731
