0 0.0475849
0.015873 0.0850208
0.031746 0.150324
0.047619 0.198213
0.0634921 0.232819
0.0793651 0.258654
0.0952381 0.279041
0.111111 0.295606
0.126984 0.308689
0.142857 0.318023
0.15873 0.323251
0.174603 0.324195
0.190476 0.320937
0.206349 0.313816
0.222222 0.303375
0.238095 0.290283
0.253968 0.275255
0.269841 0.258968
0.285714 0.242004
0.301587 0.224811
0.31746 0.207699
0.333333 0.190845
0.349206 0.174325
0.365079 0.15814
0.380952 0.14225
0.396825 0.126592
0.412698 0.111101
0.428571 0.0957209
0.444444 0.0804029
0.460317 0.0651119
0.47619 0.0498218
0.492063 0.0345137
0.507937 0.0191731
0.52381 0.00378773
0.539683 -0.0116541
0.555556 -0.0271639
0.571429 -0.0427532
0.587302 -0.0584331
0.603175 -0.0742129
0.619048 -0.0900981
0.634921 -0.106089
0.650794 -0.122177
0.666667 -0.138347
0.68254 -0.154572
0.698413 -0.170822
0.714286 -0.187078
0.730159 -0.20335
0.746032 -0.219731
0.761905 -0.236458
0.777778 -0.254003
0.793651 -0.273156
0.809524 -0.295027
0.825397 -0.320865
0.84127 -0.351513
0.857143 -0.386389
0.873016 -0.422091
0.888889 -0.451214
0.904762 -0.462559
0.920635 -0.444048
0.936508 -0.388458
0.952381 -0.299191
0.968254 -0.191321
0.984127 -0.0857106
1 -0.0361539
