0 -0.0185714
0.010101 -0.0354738
0.020202 -0.0678298
0.030303 -0.0975336
0.040404 -0.125119
0.0505051 -0.151171
0.0606061 -0.176235
0.0707071 -0.200708
0.0808081 -0.224759
0.0909091 -0.248303
0.10101 -0.271032
0.111111 -0.292481
0.121212 -0.312107
0.131313 -0.329359
0.141414 -0.343748
0.151515 -0.354892
0.161616 -0.362558
0.171717 -0.366677
0.181818 -0.367352
0.191919 -0.364843
0.20202 -0.359534
0.212121 -0.351894
0.222222 -0.342433
0.232323 -0.331657
0.242424 -0.320031
0.252525 -0.307956
0.262626 -0.295754
0.272727 -0.283662
0.282828 -0.271838
0.292929 -0.260372
0.30303 -0.249296
0.313131 -0.238605
0.323232 -0.228264
0.333333 -0.21822
0.343434 -0.208419
0.353535 -0.198802
0.363636 -0.189317
0.373737 -0.179919
0.383838 -0.170573
0.393939 -0.161248
0.40404 -0.151925
0.414141 -0.14259
0.424242 -0.133231
0.434343 -0.123845
0.444444 -0.114428
0.454545 -0.104979
0.464646 -0.0954978
0.474747 -0.0859844
0.484848 -0.0764391
0.494949 -0.0668618
0.505051 -0.0572518
0.515152 -0.047608
0.525253 -0.0379286
0.535354 -0.0282114
0.545455 -0.0184533
0.555556 -0.00865093
0.565657 0.0011997
0.575758 0.0111031
0.585859 0.0210643
0.59596 0.0310888
0.606061 0.0411828
0.616162 0.0513532
0.626263 0.0616073
0.636364 0.0719532
0.646465 0.0824
0.656566 0.0929573
0.666667 0.103635
0.676768 0.114445
0.686869 0.125396
0.69697 0.136501
0.707071 0.14777
0.717172 0.15921
0.727273 0.170827
0.737374 0.182625
0.747475 0.194601
0.757576 0.206744
0.767677 0.219039
0.777778 0.231457
0.787879 0.24396
0.79798 0.256496
0.808081 0.269
0.818182 0.281392
0.828283 0.293576
0.838384 0.305446
0.848485 0.316879
0.858586 0.327747
0.868687 0.337915
0.878788 0.347261
0.888889 0.355705
0.89899 0.363288
0.909091 0.370341
0.919192 0.377816
0.929293 0.387821
0.939394 0.40433
0.949495 0.433778
0.959596 0.484916
0.969697 0.566982
0.979798 0.685454
0.989899 0.835957
1 0.917847
