0 0.003993
0.0322581 0.00365656
0.0645161 -0.00142195
0.0967742 -0.0152431
0.129032 -0.0374218
0.16129 -0.0669706
0.193548 -0.102103
0.225806 -0.139949
0.258065 -0.176152
0.290323 -0.20495
0.322581 -0.220673
0.354839 -0.220348
0.387097 -0.205455
0.419355 -0.181017
0.451613 -0.152672
0.483871 -0.124196
0.516129 -0.0969361
0.548387 -0.0706683
0.580645 -0.0446571
0.612903 -0.0182532
0.645161 0.00895753
0.677419 0.0371993
0.709677 0.0665329
0.741935 0.0967828
0.774194 0.127392
0.806452 0.157301
0.83871 0.184966
0.870968 0.208579
0.903226 0.227011
0.935484 0.254475
0.967742 0.420635
1 0.567202
