0 0.0349703
0.010101 0.0649566
0.020202 0.120052
0.030303 0.165674
0.040404 0.202659
0.0505051 0.232316
0.0606061 0.256195
0.0707071 0.275788
0.0808081 0.292296
0.0909091 0.306529
0.10101 0.318924
0.111111 0.329631
0.121212 0.338628
0.131313 0.345812
0.141414 0.351071
0.151515 0.354321
0.161616 0.35553
0.171717 0.354725
0.181818 0.351984
0.191919 0.347439
0.20202 0.341262
0.212121 0.333654
0.222222 0.324836
0.232323 0.315033
0.242424 0.304467
0.252525 0.293343
0.262626 0.281848
0.272727 0.270138
0.282828 0.258342
0.292929 0.246558
0.30303 0.234857
0.313131 0.223286
0.323232 0.211868
0.333333 0.200614
0.343434 0.189518
0.353535 0.17857
0.363636 0.167751
0.373737 0.157043
0.383838 0.146425
0.393939 0.135879
0.40404 0.125388
0.414141 0.114938
0.424242 0.104517
0.434343 0.0941147
0.444444 0.083724
0.454545 0.0733388
0.464646 0.0629544
0.474747 0.0525668
0.484848 0.042173
0.494949 0.0317698
0.505051 0.0213546
0.515152 0.0109245
0.525253 0.000476504
0.535354 -0.00999263
0.545455 -0.0204863
0.555556 -0.0310081
0.565657 -0.0415617
0.575758 -0.0521511
0.585859 -0.0627799
0.59596 -0.0734517
0.606061 -0.0841697
0.616162 -0.0949363
0.626263 -0.105753
0.636364 -0.116621
0.646465 -0.127538
0.656566 -0.138503
0.666667 -0.149509
0.676768 -0.160551
0.686869 -0.17162
0.69697 -0.182705
0.707071 -0.193796
0.717172 -0.204885
0.727273 -0.215967
0.737374 -0.227047
0.747475 -0.238148
0.757576 -0.249317
0.767677 -0.260636
0.777778 -0.272239
0.787879 -0.284322
0.79798 -0.297154
0.808081 -0.311076
0.818182 -0.32649
0.828283 -0.343808
0.838384 -0.363374
0.848485 -0.385327
0.858586 -0.40942
0.868687 -0.434797
0.878788 -0.459783
0.888889 -0.481755
0.89899 -0.497203
0.909091 -0.502076
0.919192 -0.492473
0.929293 -0.465577
0.939394 -0.420596
0.949495 -0.359352
0.959596 -0.286227
0.969697 -0.207414
0.979798 -0.129688
0.989899 -0.0591156
1 -0.026293
