0 0.0147807
0.00392157 0.0287059
0.00784314 0.0557102
0.0117647 0.0810293
0.0156863 0.104679
0.0196078 0.12668
0.0235294 0.147065
0.027451 0.165881
0.0313725 0.183189
0.0352941 0.199065
0.0392157 0.213597
0.0431373 0.226884
0.0470588 0.239033
0.0509804 0.250151
0.054902 0.260348
0.0588235 0.269727
0.0627451 0.278388
0.0666667 0.286419
0.0705882 0.293902
0.0745098 0.300904
0.0784314 0.307483
0.0823529 0.313687
0.0862745 0.31955
0.0901961 0.325099
0.0941176 0.330353
0.0980392 0.335323
0.101961 0.340014
0.105882 0.344427
0.109804 0.348558
0.113725 0.352404
0.117647 0.355956
0.121569 0.359207
0.12549 0.36215
0.129412 0.364777
0.133333 0.367081
0.137255 0.369058
0.141176 0.370702
0.145098 0.372011
0.14902 0.372983
0.152941 0.373618
0.156863 0.373918
0.160784 0.373885
0.164706 0.373524
0.168627 0.372842
0.172549 0.371845
0.176471 0.370541
0.180392 0.368942
0.184314 0.367056
0.188235 0.364897
0.192157 0.362476
0.196078 0.359807
0.2 0.356903
0.203922 0.353779
0.207843 0.35045
0.211765 0.34693
0.215686 0.343235
0.219608 0.339378
0.223529 0.335376
0.227451 0.331241
0.231373 0.326989
0.235294 0.322633
0.239216 0.318186
0.243137 0.313661
0.247059 0.309069
0.25098 0.304422
0.254902 0.299731
0.258824 0.295005
0.262745 0.290252
0.266667 0.285482
0.270588 0.280702
0.27451 0.275918
0.278431 0.271136
0.282353 0.266362
0.286275 0.261599
0.290196 0.256852
0.294118 0.252123
0.298039 0.247416
0.301961 0.242732
0.305882 0.238072
0.309804 0.233439
0.313725 0.228833
0.317647 0.224253
0.321569 0.2197
0.32549 0.215173
0.329412 0.210673
0.333333 0.206198
0.337255 0.201747
0.341176 0.19732
0.345098 0.192915
0.34902 0.188531
0.352941 0.184167
0.356863 0.179822
0.360784 0.175494
0.364706 0.171182
0.368627 0.166884
0.372549 0.1626
0.376471 0.158328
0.380392 0.154068
0.384314 0.149818
0.388235 0.145577
0.392157 0.141344
0.396078 0.137118
0.4 0.132899
0.403922 0.128686
0.407843 0.124477
0.411765 0.120273
0.415686 0.116073
0.419608 0.111876
0.423529 0.107682
0.427451 0.10349
0.431373 0.0993005
0.435294 0.0951124
0.439216 0.0909256
0.443137 0.0867398
0.447059 0.0825548
0.45098 0.0783704
0.454902 0.0741862
0.458824 0.0700022
0.462745 0.0658181
0.466667 0.0616337
0.470588 0.0574489
0.47451 0.0532635
0.478431 0.0490774
0.482353 0.0448904
0.486275 0.0407024
0.490196 0.0365131
0.494118 0.0323224
0.498039 0.0281303
0.501961 0.0239364
0.505882 0.0197407
0.509804 0.015543
0.513725 0.011343
0.517647 0.00714067
0.521569 0.00293572
0.52549 -0.00127202
0.529412 -0.00548276
0.533333 -0.00969671
0.537255 -0.0139141
0.541176 -0.0181351
0.545098 -0.02236
0.54902 -0.026589
0.552941 -0.0308224
0.556863 -0.0350603
0.560784 -0.0393031
0.564706 -0.043551
0.568627 -0.0478042
0.572549 -0.0520629
0.576471 -0.0563275
0.580392 -0.0605982
0.584314 -0.0648752
0.588235 -0.0691588
0.592157 -0.0734491
0.596078 -0.0777464
0.6 -0.082051
0.603922 -0.0863629
0.607843 -0.0906825
0.611765 -0.0950098
0.615686 -0.099345
0.619608 -0.103688
0.623529 -0.10804
0.627451 -0.112399
0.631373 -0.116767
0.635294 -0.121143
0.639216 -0.125528
0.643137 -0.12992
0.647059 -0.134321
0.65098 -0.138729
0.654902 -0.143146
0.658824 -0.147569
0.662745 -0.152
0.666667 -0.156438
0.670588 -0.160882
0.67451 -0.165332
0.678431 -0.169787
0.682353 -0.174247
0.686275 -0.178711
0.690196 -0.183179
0.694118 -0.18765
0.698039 -0.192123
0.701961 -0.196598
0.705882 -0.201073
0.709804 -0.205548
0.713725 -0.210023
0.717647 -0.214497
0.721569 -0.218969
0.72549 -0.223439
0.729412 -0.227908
0.733333 -0.232375
0.737255 -0.236841
0.741176 -0.241307
0.745098 -0.245774
0.74902 -0.250245
0.752941 -0.254722
0.756863 -0.259208
0.760784 -0.26371
0.764706 -0.26823
0.768627 -0.272778
0.772549 -0.27736
0.776471 -0.281986
0.780392 -0.286668
0.784314 -0.291418
0.788235 -0.296251
0.792157 -0.301183
0.796078 -0.306235
0.8 -0.311426
0.803922 -0.316778
0.807843 -0.322317
0.811765 -0.328069
0.815686 -0.334059
0.819608 -0.340318
0.823529 -0.346871
0.827451 -0.353745
0.831373 -0.360967
0.835294 -0.368557
0.839216 -0.376533
0.843137 -0.384905
0.847059 -0.393675
0.85098 -0.402834
0.854902 -0.412361
0.858824 -0.422218
0.862745 -0.43235
0.866667 -0.442682
0.870588 -0.453116
0.87451 -0.463528
0.878431 -0.473772
0.882353 -0.483672
0.886275 -0.493029
0.890196 -0.501621
0.894118 -0.509203
0.898039 -0.515514
0.901961 -0.520285
0.905882 -0.523244
0.909804 -0.524123
0.913725 -0.522673
0.917647 -0.51867
0.921569 -0.511928
0.92549 -0.502306
0.929412 -0.489723
0.933333 -0.474157
0.937255 -0.455657
0.941176 -0.434339
0.945098 -0.410393
0.94902 -0.38407
0.952941 -0.355685
0.956863 -0.325599
0.960784 -0.294216
0.964706 -0.261965
0.968627 -0.229288
0.972549 -0.196628
0.976471 -0.164413
0.980392 -0.133047
0.984314 -0.102897
0.988235 -0.0742813
0.992157 -0.0474676
0.996078 -0.0226608
1 -0.0107807
