0 -0.0371242
0.00787402 -0.0680944
0.015748 -0.124357
0.023622 -0.170592
0.0314961 -0.209876
0.0393701 -0.245165
0.0472441 -0.277971
0.0551181 -0.308297
0.0629921 -0.335296
0.0708661 -0.357926
0.0787402 -0.37533
0.0866142 -0.387042
0.0944882 -0.393083
0.102362 -0.393948
0.110236 -0.390506
0.11811 -0.383841
0.125984 -0.375069
0.133858 -0.365194
0.141732 -0.355003
0.149606 -0.345039
0.15748 -0.335606
0.165354 -0.32682
0.173228 -0.318664
0.181102 -0.311042
0.188976 -0.303826
0.19685 -0.296889
0.204724 -0.290121
0.212598 -0.283437
0.220472 -0.276778
0.228346 -0.27011
0.23622 -0.263416
0.244094 -0.256689
0.251969 -0.249931
0.259843 -0.24315
0.267717 -0.236351
0.275591 -0.229541
0.283465 -0.222726
0.291339 -0.21591
0.299213 -0.209097
0.307087 -0.202288
0.314961 -0.195484
0.322835 -0.188685
0.330709 -0.18189
0.338583 -0.1751
0.346457 -0.168314
0.354331 -0.16153
0.362205 -0.154749
0.370079 -0.147969
0.377953 -0.141189
0.385827 -0.13441
0.393701 -0.127629
0.401575 -0.120847
0.409449 -0.114063
0.417323 -0.107276
0.425197 -0.100485
0.433071 -0.0936894
0.440945 -0.0868886
0.448819 -0.0800815
0.456693 -0.0732671
0.464567 -0.0664445
0.472441 -0.0596125
0.480315 -0.0527699
0.488189 -0.0459157
0.496063 -0.0390485
0.503937 -0.032167
0.511811 -0.0252699
0.519685 -0.0183557
0.527559 -0.0114229
0.535433 -0.00446987
0.543307 0.00250488
0.551181 0.00950308
0.559055 0.0165265
0.566929 0.0235769
0.574803 0.0306562
0.582677 0.0377664
0.590551 0.0449094
0.598425 0.0520873
0.606299 0.0593023
0.614173 0.0665565
0.622047 0.0738524
0.629921 0.0811921
0.637795 0.0885783
0.645669 0.0960133
0.653543 0.1035
0.661417 0.111041
0.669291 0.118638
0.677165 0.126296
0.685039 0.134016
0.692913 0.141801
0.700787 0.149656
0.708661 0.157582
0.716535 0.165583
0.724409 0.173662
0.732283 0.181822
0.740157 0.190066
0.748031 0.198398
0.755906 0.20682
0.76378 0.215337
0.771654 0.223953
0.779528 0.232673
0.787402 0.241503
0.795276 0.250451
0.80315 0.259527
0.811024 0.268741
0.818898 0.278108
0.826772 0.28764
0.834646 0.297349
0.84252 0.307245
0.850394 0.317326
0.858268 0.327581
0.866142 0.337975
0.874016 0.348446
0.88189 0.358899
0.889764 0.369195
0.897638 0.379152
0.905512 0.388539
0.913386 0.39708
0.92126 0.404462
0.929134 0.410351
0.937008 0.414427
0.944882 0.416565
0.952756 0.417463
0.96063 0.420503
0.968504 0.43546
0.976378 0.482417
0.984252 0.589053
0.992126 0.77138
1 0.881801
