0 0.0481802
0.00787402 0.0886739
0.015748 0.161194
0.023622 0.217037
0.0314961 0.258333
0.0393701 0.289248
0.0472441 0.31374
0.0551181 0.334247
0.0629921 0.351705
0.0708661 0.366184
0.0787402 0.377478
0.0866142 0.385427
0.0944882 0.390035
0.102362 0.391484
0.110236 0.390099
0.11811 0.386309
0.125984 0.380593
0.133858 0.373439
0.141732 0.365301
0.149606 0.356573
0.15748 0.347568
0.165354 0.338515
0.173228 0.329564
0.181102 0.320797
0.188976 0.312245
0.19685 0.303903
0.204724 0.295745
0.212598 0.287736
0.220472 0.27984
0.228346 0.272025
0.23622 0.264266
0.244094 0.256546
0.251969 0.248852
0.259843 0.241179
0.267717 0.233522
0.275591 0.225881
0.283465 0.218257
0.291339 0.21065
0.299213 0.203063
0.307087 0.195494
0.314961 0.187946
0.322835 0.180418
0.330709 0.17291
0.338583 0.16542
0.346457 0.15795
0.354331 0.150496
0.362205 0.14306
0.370079 0.135639
0.377953 0.128233
0.385827 0.120841
0.393701 0.113461
0.401575 0.106093
0.409449 0.0987358
0.417323 0.0913879
0.425197 0.0840484
0.433071 0.0767162
0.440945 0.0693903
0.448819 0.0620694
0.456693 0.0547524
0.464567 0.0474381
0.472441 0.0401252
0.480315 0.0328125
0.488189 0.0254987
0.496063 0.0181824
0.503937 0.0108622
0.511811 0.00353687
0.519685 -0.00379515
0.527559 -0.0111353
0.535433 -0.0184849
0.543307 -0.0258457
0.551181 -0.033219
0.559055 -0.0406065
0.566929 -0.0480097
0.574803 -0.0554302
0.582677 -0.0628696
0.590551 -0.0703296
0.598425 -0.0778118
0.606299 -0.0853178
0.614173 -0.0928494
0.622047 -0.100408
0.629921 -0.107996
0.637795 -0.115615
0.645669 -0.123266
0.653543 -0.130951
0.661417 -0.138671
0.669291 -0.14643
0.677165 -0.154227
0.685039 -0.162066
0.692913 -0.169948
0.700787 -0.177874
0.708661 -0.185847
0.716535 -0.193869
0.724409 -0.201943
0.732283 -0.210071
0.740157 -0.218257
0.748031 -0.226503
0.755906 -0.234813
0.76378 -0.24319
0.771654 -0.251635
0.779528 -0.260151
0.787402 -0.268735
0.795276 -0.27738
0.80315 -0.286077
0.811024 -0.294806
0.818898 -0.303539
0.826772 -0.312243
0.834646 -0.320872
0.84252 -0.329384
0.850394 -0.337751
0.858268 -0.345982
0.866142 -0.354176
0.874016 -0.362577
0.88189 -0.371657
0.889764 -0.382172
0.897638 -0.395164
0.905512 -0.411779
0.913386 -0.432838
0.92126 -0.458042
0.929134 -0.484949
0.937008 -0.508067
0.944882 -0.518799
0.952756 -0.507045
0.96063 -0.464705
0.968504 -0.390014
0.976378 -0.290256
0.984252 -0.180657
0.992126 -0.0793048
1 -0.0329209
