0 -0.00803323
0.00392157 -0.0157685
0.00784314 -0.0309558
0.0117647 -0.0455899
0.0156863 -0.0596972
0.0196078 -0.0733041
0.0235294 -0.0864391
0.027451 -0.099133
0.0313725 -0.11142
0.0352941 -0.123336
0.0392157 -0.13492
0.0431373 -0.146211
0.0470588 -0.157249
0.0509804 -0.16807
0.054902 -0.178709
0.0588235 -0.189196
0.0627451 -0.199555
0.0666667 -0.209807
0.0705882 -0.219962
0.0745098 -0.230025
0.0784314 -0.239994
0.0823529 -0.249861
0.0862745 -0.259609
0.0901961 -0.269219
0.0941176 -0.278665
0.0980392 -0.287917
0.101961 -0.296943
0.105882 -0.305707
0.109804 -0.314174
0.113725 -0.322307
0.117647 -0.33007
0.121569 -0.337429
0.12549 -0.344349
0.129412 -0.3508
0.133333 -0.356753
0.137255 -0.362185
0.141176 -0.367073
0.145098 -0.3714
0.14902 -0.375155
0.152941 -0.378328
0.156863 -0.380915
0.160784 -0.382919
0.164706 -0.384343
0.168627 -0.385197
0.172549 -0.385496
0.176471 -0.385257
0.180392 -0.384501
0.184314 -0.383252
0.188235 -0.381539
0.192157 -0.379389
0.196078 -0.376835
0.2 -0.373909
0.203922 -0.370644
0.207843 -0.367074
0.211765 -0.363234
0.215686 -0.359155
0.219608 -0.35487
0.223529 -0.350412
0.227451 -0.345808
0.231373 -0.341088
0.235294 -0.336278
0.239216 -0.331402
0.243137 -0.326481
0.247059 -0.321536
0.25098 -0.316584
0.254902 -0.311641
0.258824 -0.30672
0.262745 -0.301832
0.266667 -0.296986
0.270588 -0.292191
0.27451 -0.287452
0.278431 -0.282773
0.282353 -0.278157
0.286275 -0.273605
0.290196 -0.269119
0.294118 -0.264697
0.298039 -0.260338
0.301961 -0.256041
0.305882 -0.251803
0.309804 -0.24762
0.313725 -0.24349
0.317647 -0.239409
0.321569 -0.235373
0.32549 -0.231379
0.329412 -0.227422
0.333333 -0.2235
0.337255 -0.219608
0.341176 -0.215743
0.345098 -0.211901
0.34902 -0.20808
0.352941 -0.204276
0.356863 -0.200487
0.360784 -0.196709
0.364706 -0.192942
0.368627 -0.189183
0.372549 -0.185429
0.376471 -0.18168
0.380392 -0.177933
0.384314 -0.174188
0.388235 -0.170443
0.392157 -0.166697
0.396078 -0.16295
0.4 -0.1592
0.403922 -0.155448
0.407843 -0.151693
0.411765 -0.147934
0.415686 -0.144171
0.419608 -0.140403
0.423529 -0.136632
0.427451 -0.132856
0.431373 -0.129075
0.435294 -0.12529
0.439216 -0.121501
0.443137 -0.117706
0.447059 -0.113908
0.45098 -0.110104
0.454902 -0.106296
0.458824 -0.102484
0.462745 -0.0986675
0.466667 -0.0948464
0.470588 -0.0910208
0.47451 -0.0871909
0.478431 -0.0833566
0.482353 -0.0795179
0.486275 -0.0756747
0.490196 -0.0718271
0.494118 -0.0679749
0.498039 -0.0641181
0.501961 -0.0602565
0.505882 -0.0563902
0.509804 -0.0525189
0.513725 -0.0486426
0.517647 -0.0447611
0.521569 -0.0408742
0.52549 -0.0369819
0.529412 -0.0330838
0.533333 -0.0291798
0.537255 -0.0252698
0.541176 -0.0213534
0.545098 -0.0174306
0.54902 -0.0135009
0.552941 -0.00956425
0.556863 -0.00562032
0.560784 -0.00166887
0.564706 0.00229039
0.568627 0.00625774
0.572549 0.0102335
0.576471 0.0142179
0.580392 0.0182113
0.584314 0.0222141
0.588235 0.0262266
0.592157 0.030249
0.596078 0.0342819
0.6 0.0383255
0.603922 0.0423802
0.607843 0.0464465
0.611765 0.0505248
0.615686 0.0546155
0.619608 0.058719
0.623529 0.0628357
0.627451 0.0669663
0.631373 0.0711112
0.635294 0.0752708
0.639216 0.0794458
0.643137 0.0836367
0.647059 0.087844
0.65098 0.0920683
0.654902 0.0963103
0.658824 0.100571
0.662745 0.10485
0.666667 0.109148
0.670588 0.113467
0.67451 0.117807
0.678431 0.122169
0.682353 0.126552
0.686275 0.130959
0.690196 0.13539
0.694118 0.139845
0.698039 0.144324
0.701961 0.14883
0.705882 0.153362
0.709804 0.157921
0.713725 0.162508
0.717647 0.167122
0.721569 0.171765
0.72549 0.176437
0.729412 0.181138
0.733333 0.185868
0.737255 0.190628
0.741176 0.195417
0.745098 0.200235
0.74902 0.205082
0.752941 0.209957
0.756863 0.21486
0.760784 0.21979
0.764706 0.224744
0.768627 0.229723
0.772549 0.234725
0.776471 0.239747
0.780392 0.244787
0.784314 0.249843
0.788235 0.254912
0.792157 0.25999
0.796078 0.265075
0.8 0.270162
0.803922 0.275247
0.807843 0.280325
0.811765 0.285391
0.815686 0.29044
0.819608 0.295466
0.823529 0.300463
0.827451 0.305425
0.831373 0.310343
0.835294 0.315212
0.839216 0.320024
0.843137 0.32477
0.847059 0.329443
0.85098 0.334034
0.854902 0.338534
0.858824 0.342936
0.862745 0.34723
0.866667 0.351409
0.870588 0.355463
0.87451 0.359386
0.878431 0.363171
0.882353 0.366814
0.886275 0.370312
0.890196 0.373669
0.894118 0.376889
0.898039 0.379987
0.901961 0.382986
0.905882 0.385923
0.909804 0.388851
0.913725 0.391844
0.917647 0.395005
0.921569 0.398469
0.92549 0.40241
0.929412 0.407051
0.933333 0.412664
0.937255 0.41958
0.941176 0.428185
0.945098 0.438923
0.94902 0.452286
0.952941 0.4688
0.956863 0.489005
0.960784 0.51342
0.964706 0.54251
0.968627 0.57663
0.972549 0.615979
0.976471 0.660538
0.980392 0.710019
0.984314 0.763831
0.988235 0.821056
0.992157 0.880474
0.996078 0.940637
1 0.970713
