0 -0.0584018
0.00787402 -0.0996766
0.015748 -0.169032
0.023622 -0.219515
0.0314961 -0.261933
0.0393701 -0.299227
0.0472441 -0.329858
0.0551181 -0.351775
0.0629921 -0.364029
0.0708661 -0.367274
0.0787402 -0.363536
0.0866142 -0.355486
0.0944882 -0.345619
0.102362 -0.335709
0.110236 -0.326669
0.11811 -0.318734
0.125984 -0.311741
0.133858 -0.305389
0.141732 -0.299388
0.149606 -0.293525
0.15748 -0.287677
0.165354 -0.281787
0.173228 -0.275845
0.181102 -0.269858
0.188976 -0.263843
0.19685 -0.257813
0.204724 -0.25178
0.212598 -0.245748
0.220472 -0.239721
0.228346 -0.233699
0.23622 -0.227681
0.244094 -0.221667
0.251969 -0.215656
0.259843 -0.209645
0.267717 -0.203636
0.275591 -0.197627
0.283465 -0.191619
0.291339 -0.185611
0.299213 -0.179602
0.307087 -0.173594
0.314961 -0.167585
0.322835 -0.161576
0.330709 -0.155566
0.338583 -0.149556
0.346457 -0.143545
0.354331 -0.137533
0.362205 -0.131519
0.370079 -0.125503
0.377953 -0.119486
0.385827 -0.113466
0.393701 -0.107444
0.401575 -0.101418
0.409449 -0.0953888
0.417323 -0.0893553
0.425197 -0.083317
0.433071 -0.0772735
0.440945 -0.0712239
0.448819 -0.0651678
0.456693 -0.0591042
0.464567 -0.0530325
0.472441 -0.0469517
0.480315 -0.0408612
0.488189 -0.0347598
0.496063 -0.0286466
0.503937 -0.0225206
0.511811 -0.0163808
0.519685 -0.010226
0.527559 -0.00405498
0.535433 0.00213344
0.543307 0.00834055
0.551181 0.0145677
0.559055 0.0208163
0.566929 0.0270877
0.574803 0.0333835
0.582677 0.0397052
0.590551 0.0460545
0.598425 0.052433
0.606299 0.0588424
0.614173 0.0652845
0.622047 0.0717612
0.629921 0.0782744
0.637795 0.0848261
0.645669 0.0914183
0.653543 0.0980531
0.661417 0.104733
0.669291 0.111459
0.677165 0.118235
0.685039 0.125063
0.692913 0.131946
0.700787 0.138885
0.708661 0.145883
0.716535 0.152944
0.724409 0.16007
0.732283 0.167264
0.740157 0.174529
0.748031 0.181869
0.755906 0.189286
0.76378 0.196784
0.771654 0.204367
0.779528 0.212038
0.787402 0.219801
0.795276 0.227661
0.80315 0.23562
0.811024 0.243682
0.818898 0.251852
0.826772 0.260132
0.834646 0.268527
0.84252 0.277041
0.850394 0.285682
0.858268 0.294462
0.866142 0.303396
0.874016 0.312509
0.88189 0.321827
0.889764 0.331371
0.897638 0.341139
0.905512 0.351082
0.913386 0.361067
0.92126 0.370838
0.929134 0.379984
0.937008 0.387931
0.944882 0.393932
0.952756 0.397133
0.96063 0.396642
0.968504 0.392398
0.976378 0.391754
0.984252 0.438326
0.992126 0.635527
1 0.788473
