0 0.0284802
0.00787402 0.0537298
0.015748 0.10105
0.023622 0.142114
0.0314961 0.177217
0.0393701 0.206857
0.0472441 0.231722
0.0551181 0.252603
0.0629921 0.270297
0.0708661 0.285517
0.0787402 0.298837
0.0866142 0.310667
0.0944882 0.321262
0.102362 0.330749
0.110236 0.339163
0.11811 0.34648
0.125984 0.352648
0.133858 0.357611
0.141732 0.361319
0.149606 0.363739
0.15748 0.36486
0.165354 0.364694
0.173228 0.363275
0.181102 0.360659
0.188976 0.356919
0.19685 0.352144
0.204724 0.346434
0.212598 0.339897
0.220472 0.332648
0.228346 0.324799
0.23622 0.316461
0.244094 0.307739
0.251969 0.29873
0.259843 0.28952
0.267717 0.280186
0.275591 0.270791
0.283465 0.261388
0.291339 0.252017
0.299213 0.242709
0.307087 0.233485
0.314961 0.224358
0.322835 0.215333
0.330709 0.206412
0.338583 0.19759
0.346457 0.188863
0.354331 0.18022
0.362205 0.171654
0.370079 0.163153
0.377953 0.154708
0.385827 0.14631
0.393701 0.137951
0.401575 0.129623
0.409449 0.121319
0.417323 0.113033
0.425197 0.104762
0.433071 0.0965
0.440945 0.0882452
0.448819 0.0799946
0.456693 0.0717457
0.464567 0.063497
0.472441 0.0552467
0.480315 0.0469934
0.488189 0.0387358
0.496063 0.0304726
0.503937 0.0222025
0.511811 0.0139241
0.519685 0.00563599
0.527559 -0.00266333
0.535433 -0.0109755
0.543307 -0.0193022
0.551181 -0.0276452
0.559055 -0.0360064
0.566929 -0.0443877
0.574803 -0.052791
0.582677 -0.0612182
0.590551 -0.0696712
0.598425 -0.0781517
0.606299 -0.0866613
0.614173 -0.0952013
0.622047 -0.103773
0.629921 -0.112376
0.637795 -0.121012
0.645669 -0.129679
0.653543 -0.138377
0.661417 -0.147104
0.669291 -0.155857
0.677165 -0.164633
0.685039 -0.173426
0.692913 -0.182234
0.700787 -0.191049
0.708661 -0.199867
0.716535 -0.208684
0.724409 -0.217495
0.732283 -0.226301
0.740157 -0.235107
0.748031 -0.243923
0.755906 -0.25277
0.76378 -0.261684
0.771654 -0.270714
0.779528 -0.279933
0.787402 -0.289441
0.795276 -0.299362
0.80315 -0.309854
0.811024 -0.321102
0.818898 -0.333309
0.826772 -0.346687
0.834646 -0.361426
0.84252 -0.377661
0.850394 -0.395416
0.858268 -0.414549
0.866142 -0.434672
0.874016 -0.455087
0.88189 -0.474726
0.889764 -0.492138
0.897638 -0.50552
0.905512 -0.512842
0.913386 -0.512048
0.92126 -0.501333
0.929134 -0.479459
0.937008 -0.44604
0.944882 -0.401721
0.952756 -0.348209
0.96063 -0.288115
0.968504 -0.224649
0.976378 -0.161223
0.984252 -0.101042
0.992126 -0.04671
1 -0.0212812
