0 0.0372193
0.0322581 0.0600132
0.0645161 0.0969489
0.0967742 0.121864
0.129032 0.142221
0.16129 0.159882
0.193548 0.173368
0.225806 0.180502
0.258065 0.179808
0.290323 0.171056
0.322581 0.155291
0.354839 0.134429
0.387097 0.110604
0.419355 0.085577
0.451613 0.0604498
0.483871 0.0356943
0.516129 0.0113587
0.548387 -0.0127106
0.580645 -0.0367321
0.612903 -0.0609715
0.645161 -0.0858418
0.677419 -0.112084
0.709677 -0.140873
0.741935 -0.173409
0.774194 -0.209234
0.806452 -0.24289
0.83871 -0.260817
0.870968 -0.244504
0.903226 -0.185317
0.935484 -0.101249
0.967742 -0.029843
1 -0.00239928
