0 0.026104
0.00714286 0.0494626
0.0142857 0.0934828
0.0214286 0.132182
0.0285714 0.165773
0.0357143 0.194613
0.0428571 0.219197
0.05 0.240117
0.0571429 0.258
0.0642857 0.273444
0.0714286 0.286969
0.0785714 0.298992
0.0857143 0.30981
0.0928571 0.319616
0.1 0.32851
0.107143 0.336525
0.114286 0.343651
0.121429 0.349852
0.128571 0.355083
0.135714 0.3593
0.142857 0.362469
0.15 0.364567
0.157143 0.365588
0.164286 0.365541
0.171429 0.364452
0.178571 0.362358
0.185714 0.359312
0.192857 0.355379
0.2 0.350629
0.207143 0.345142
0.214286 0.339001
0.221429 0.332292
0.228571 0.325101
0.235714 0.317511
0.242857 0.309599
0.25 0.301441
0.257143 0.293102
0.264286 0.284643
0.271429 0.276113
0.278571 0.267557
0.285714 0.259009
0.292857 0.250498
0.3 0.242043
0.307143 0.23366
0.314286 0.225357
0.321429 0.217139
0.328571 0.209007
0.335714 0.200958
0.342857 0.192988
0.35 0.185091
0.357143 0.177261
0.364286 0.169489
0.371429 0.161769
0.378571 0.154094
0.385714 0.146455
0.392857 0.138848
0.4 0.131266
0.407143 0.123704
0.414286 0.116159
0.421429 0.108625
0.428571 0.101101
0.435714 0.093583
0.442857 0.0860694
0.45 0.0785581
0.457143 0.0710477
0.464286 0.0635369
0.471429 0.0560243
0.478571 0.0485091
0.485714 0.0409903
0.492857 0.0334668
0.5 0.0259378
0.507143 0.0184022
0.514286 0.0108592
0.521429 0.0033075
0.528571 -0.00425387
0.535714 -0.0118261
0.542857 -0.0194106
0.55 -0.0270084
0.557143 -0.0346211
0.564286 -0.0422499
0.571429 -0.0498962
0.578571 -0.0575615
0.585714 -0.0652471
0.592857 -0.0729543
0.6 -0.0806842
0.607143 -0.088438
0.614286 -0.0962165
0.621429 -0.10402
0.628571 -0.11185
0.635714 -0.119706
0.642857 -0.127587
0.65 -0.135493
0.657143 -0.143422
0.664286 -0.151374
0.671429 -0.159344
0.678571 -0.167332
0.685714 -0.175332
0.692857 -0.183343
0.7 -0.191359
0.707143 -0.199377
0.714286 -0.207393
0.721429 -0.215405
0.728571 -0.223413
0.735714 -0.231419
0.742857 -0.239429
0.75 -0.247455
0.757143 -0.255517
0.764286 -0.263644
0.771429 -0.271877
0.778571 -0.280274
0.785714 -0.288907
0.792857 -0.29787
0.8 -0.307275
0.807143 -0.317254
0.814286 -0.327954
0.821429 -0.33953
0.828571 -0.352132
0.835714 -0.365886
0.842857 -0.38087
0.85 -0.397077
0.857143 -0.41438
0.864286 -0.432485
0.871429 -0.450889
0.878571 -0.468847
0.885714 -0.485357
0.892857 -0.499171
0.9 -0.508852
0.907143 -0.512873
0.914286 -0.509766
0.921429 -0.498301
0.928571 -0.477673
0.935714 -0.447667
0.942857 -0.40876
0.95 -0.362134
0.957143 -0.309598
0.964286 -0.253416
0.971429 -0.196084
0.978571 -0.140079
0.985714 -0.0876316
0.992857 -0.0405334
1 -0.0185131
