0 0.0559559
0.00787402 0.101653
0.015748 0.180973
0.023622 0.237535
0.0314961 0.276814
0.0393701 0.30611
0.0472441 0.329906
0.0551181 0.349565
0.0629921 0.364984
0.0708661 0.375855
0.0787402 0.382154
0.0866142 0.384212
0.0944882 0.382633
0.102362 0.378179
0.110236 0.371654
0.11811 0.363805
0.125984 0.355258
0.133858 0.346474
0.141732 0.337756
0.149606 0.329264
0.15748 0.321049
0.165354 0.3131
0.173228 0.305367
0.181102 0.297792
0.188976 0.290325
0.19685 0.282925
0.204724 0.275566
0.212598 0.268233
0.220472 0.260919
0.228346 0.253622
0.23622 0.246343
0.244094 0.239085
0.251969 0.231848
0.259843 0.224633
0.267717 0.217441
0.275591 0.210272
0.283465 0.203126
0.291339 0.196
0.299213 0.188895
0.307087 0.181809
0.314961 0.174741
0.322835 0.167691
0.330709 0.160658
0.338583 0.153641
0.346457 0.146638
0.354331 0.13965
0.362205 0.132675
0.370079 0.125714
0.377953 0.118764
0.385827 0.111825
0.393701 0.104897
0.401575 0.097978
0.409449 0.0910679
0.417323 0.0841657
0.425197 0.0772702
0.433071 0.0703807
0.440945 0.0634961
0.448819 0.0566155
0.456693 0.0497377
0.464567 0.0428618
0.472441 0.0359866
0.480315 0.0291111
0.488189 0.022234
0.496063 0.0153542
0.503937 0.00847058
0.511811 0.00158178
0.519685 -0.00531341
0.527559 -0.0122163
0.535433 -0.0191281
0.543307 -0.0260503
0.551181 -0.0329842
0.559055 -0.0399311
0.566929 -0.0468925
0.574803 -0.0538698
0.582677 -0.0608644
0.590551 -0.0678778
0.598425 -0.0749115
0.606299 -0.0819671
0.614173 -0.0890459
0.622047 -0.0961496
0.629921 -0.10328
0.637795 -0.110438
0.645669 -0.117626
0.653543 -0.124844
0.661417 -0.132096
0.669291 -0.139382
0.677165 -0.146704
0.685039 -0.154064
0.692913 -0.161463
0.700787 -0.168904
0.708661 -0.176386
0.716535 -0.183913
0.724409 -0.191485
0.732283 -0.199105
0.740157 -0.206774
0.748031 -0.214493
0.755906 -0.222264
0.76378 -0.230089
0.771654 -0.237971
0.779528 -0.245913
0.787402 -0.253917
0.795276 -0.261989
0.80315 -0.270132
0.811024 -0.27835
0.818898 -0.286641
0.826772 -0.295004
0.834646 -0.303424
0.84252 -0.311878
0.850394 -0.320324
0.858268 -0.328703
0.866142 -0.336942
0.874016 -0.34497
0.88189 -0.352766
0.889764 -0.360448
0.897638 -0.368417
0.905512 -0.377549
0.913386 -0.38932
0.92126 -0.405638
0.929134 -0.428017
0.937008 -0.455807
0.944882 -0.483732
0.952756 -0.500188
0.96063 -0.48882
0.968504 -0.435402
0.976378 -0.338072
0.984252 -0.213561
0.992126 -0.0919083
1 -0.0359976
