0 0.00952567
0.0025 0.0186942
0.005 0.0366773
0.0075 0.0539548
0.01 0.070531
0.0125 0.0864101
0.015 0.101597
0.0175 0.116098
0.02 0.129921
0.0225 0.143075
0.025 0.155575
0.0275 0.167434
0.03 0.17867
0.0325 0.189304
0.035 0.199358
0.0375 0.208857
0.04 0.217826
0.0425 0.226293
0.045 0.234286
0.0475 0.241834
0.05 0.248967
0.0525 0.255712
0.055 0.262099
0.0575 0.268155
0.06 0.273906
0.0625 0.279378
0.065 0.284592
0.0675 0.289571
0.07 0.294335
0.0725 0.298901
0.075 0.303285
0.0775 0.307502
0.08 0.311563
0.0825 0.315478
0.085 0.319257
0.0875 0.322906
0.09 0.326431
0.0925 0.329836
0.095 0.333124
0.0975 0.336297
0.1 0.339356
0.1025 0.342303
0.105 0.345135
0.1075 0.347852
0.11 0.350454
0.1125 0.352938
0.115 0.355303
0.1175 0.357547
0.12 0.359667
0.1225 0.361662
0.125 0.36353
0.1275 0.365268
0.13 0.366874
0.1325 0.368348
0.135 0.369688
0.1375 0.370892
0.14 0.37196
0.1425 0.37289
0.145 0.373682
0.1475 0.374336
0.15 0.374851
0.1525 0.375229
0.155 0.375468
0.1575 0.375571
0.16 0.375538
0.1625 0.375371
0.165 0.37507
0.1675 0.374637
0.17 0.374075
0.1725 0.373385
0.175 0.37257
0.1775 0.371633
0.18 0.370575
0.1825 0.369401
0.185 0.368112
0.1875 0.366713
0.19 0.365205
0.1925 0.363594
0.195 0.361882
0.1975 0.360074
0.2 0.358172
0.2025 0.35618
0.205 0.354103
0.2075 0.351944
0.21 0.349707
0.2125 0.347397
0.215 0.345016
0.2175 0.342569
0.22 0.34006
0.2225 0.337492
0.225 0.33487
0.2275 0.332196
0.23 0.329476
0.2325 0.326711
0.235 0.323907
0.2375 0.321065
0.24 0.318191
0.2425 0.315286
0.245 0.312353
0.2475 0.309397
0.25 0.306419
0.2525 0.303422
0.255 0.30041
0.2575 0.297384
0.26 0.294347
0.2625 0.2913
0.265 0.288247
0.2675 0.285189
0.27 0.282128
0.2725 0.279065
0.275 0.276002
0.2775 0.272941
0.28 0.269883
0.2825 0.266829
0.285 0.263781
0.2875 0.260738
0.29 0.257702
0.2925 0.254675
0.295 0.251656
0.2975 0.248645
0.3 0.245645
0.3025 0.242654
0.305 0.239674
0.3075 0.236705
0.31 0.233746
0.3125 0.230798
0.315 0.227861
0.3175 0.224936
0.32 0.222021
0.3225 0.219117
0.325 0.216224
0.3275 0.213342
0.33 0.21047
0.3325 0.207608
0.335 0.204756
0.3375 0.201914
0.34 0.199082
0.3425 0.196259
0.345 0.193444
0.3475 0.190638
0.35 0.18784
0.3525 0.185051
0.355 0.182268
0.3575 0.179493
0.36 0.176725
0.3625 0.173963
0.365 0.171207
0.3675 0.168458
0.37 0.165713
0.3725 0.162974
0.375 0.160241
0.3775 0.157511
0.38 0.154786
0.3825 0.152065
0.385 0.149348
0.3875 0.146635
0.39 0.143925
0.3925 0.141217
0.395 0.138513
0.3975 0.135812
0.4 0.133113
0.4025 0.130416
0.405 0.127721
0.4075 0.125028
0.41 0.122337
0.4125 0.119647
0.415 0.116959
0.4175 0.114273
0.42 0.111587
0.4225 0.108903
0.425 0.106219
0.4275 0.103537
0.43 0.100855
0.4325 0.0981735
0.435 0.0954929
0.4375 0.0928129
0.44 0.0901332
0.4425 0.087454
0.445 0.084775
0.4475 0.0820963
0.45 0.0794177
0.4525 0.0767393
0.455 0.074061
0.4575 0.0713827
0.46 0.0687043
0.4625 0.0660259
0.465 0.0633474
0.4675 0.0606687
0.47 0.0579899
0.4725 0.0553107
0.475 0.0526313
0.4775 0.0499516
0.48 0.0472715
0.4825 0.0445911
0.485 0.0419102
0.4875 0.0392288
0.49 0.0365469
0.4925 0.0338644
0.495 0.0311813
0.4975 0.0284976
0.5 0.0258132
0.5025 0.0231281
0.505 0.0204422
0.5075 0.0177555
0.51 0.0150679
0.5125 0.0123795
0.515 0.00969002
0.5175 0.00699959
0.52 0.00430809
0.5225 0.0016155
0.525 -0.00107826
0.5275 -0.00377322
0.53 -0.00646945
0.5325 -0.009167
0.535 -0.0118659
0.5375 -0.0145663
0.54 -0.0172681
0.5425 -0.0199715
0.545 -0.0226765
0.5475 -0.0253832
0.55 -0.0280916
0.5525 -0.0308018
0.555 -0.0335139
0.5575 -0.0362278
0.56 -0.0389438
0.5625 -0.0416618
0.565 -0.0443819
0.5675 -0.0471042
0.57 -0.0498287
0.5725 -0.0525555
0.575 -0.0552847
0.5775 -0.0580163
0.58 -0.0607504
0.5825 -0.063487
0.585 -0.0662263
0.5875 -0.0689682
0.59 -0.0717129
0.5925 -0.0744603
0.595 -0.0772106
0.5975 -0.0799638
0.6 -0.08272
0.6025 -0.0854791
0.605 -0.0882413
0.6075 -0.0910066
0.61 -0.0937751
0.6125 -0.0965467
0.615 -0.0993215
0.6175 -0.1021
0.62 -0.104881
0.6225 -0.107666
0.625 -0.110454
0.6275 -0.113245
0.63 -0.116039
0.6325 -0.118837
0.635 -0.121639
0.6375 -0.124443
0.64 -0.127251
0.6425 -0.130062
0.645 -0.132877
0.6475 -0.135695
0.65 -0.138516
0.6525 -0.14134
0.655 -0.144167
0.6575 -0.146997
0.66 -0.14983
0.6625 -0.152666
0.665 -0.155504
0.6675 -0.158346
0.67 -0.161189
0.6725 -0.164036
0.675 -0.166884
0.6775 -0.169735
0.68 -0.172587
0.6825 -0.175442
0.685 -0.178298
0.6875 -0.181155
0.69 -0.184014
0.6925 -0.186874
0.695 -0.189736
0.6975 -0.192597
0.7 -0.19546
0.7025 -0.198323
0.705 -0.201186
0.7075 -0.204049
0.71 -0.206912
0.7125 -0.209775
0.715 -0.212637
0.7175 -0.215499
0.72 -0.21836
0.7225 -0.221221
0.725 -0.224081
0.7275 -0.22694
0.73 -0.229798
0.7325 -0.232656
0.735 -0.235513
0.7375 -0.23837
0.74 -0.241227
0.7425 -0.244084
0.745 -0.246942
0.7475 -0.249802
0.75 -0.252664
0.7525 -0.255528
0.755 -0.258397
0.7575 -0.26127
0.76 -0.26415
0.7625 -0.267037
0.765 -0.269933
0.7675 -0.272841
0.77 -0.275762
0.7725 -0.278698
0.775 -0.281653
0.7775 -0.284628
0.78 -0.287628
0.7825 -0.290655
0.785 -0.293713
0.7875 -0.296806
0.79 -0.299939
0.7925 -0.303116
0.795 -0.306342
0.7975 -0.309623
0.8 -0.312964
0.8025 -0.316372
0.805 -0.319852
0.8075 -0.323411
0.81 -0.327055
0.8125 -0.330793
0.815 -0.334631
0.8175 -0.338576
0.82 -0.342635
0.8225 -0.346816
0.825 -0.351125
0.8275 -0.355569
0.83 -0.360156
0.8325 -0.364889
0.835 -0.369775
0.8375 -0.374817
0.84 -0.380019
0.8425 -0.385383
0.845 -0.390909
0.8475 -0.396595
0.85 -0.402438
0.8525 -0.408432
0.855 -0.41457
0.8575 -0.420841
0.86 -0.427231
0.8625 -0.433722
0.865 -0.440294
0.8675 -0.446923
0.87 -0.45358
0.8725 -0.460233
0.875 -0.466846
0.8775 -0.473376
0.88 -0.47978
0.8825 -0.486006
0.885 -0.492003
0.8875 -0.497711
0.89 -0.503071
0.8925 -0.508017
0.895 -0.512483
0.8975 -0.516399
0.9 -0.519695
0.9025 -0.522301
0.905 -0.524146
0.9075 -0.525161
0.91 -0.525279
0.9125 -0.524437
0.915 -0.522578
0.9175 -0.519647
0.92 -0.515599
0.9225 -0.510397
0.925 -0.504011
0.9275 -0.496421
0.93 -0.487618
0.9325 -0.477605
0.935 -0.466395
0.9375 -0.454012
0.94 -0.440493
0.9425 -0.425886
0.945 -0.410249
0.9475 -0.393654
0.95 -0.376178
0.9525 -0.35791
0.955 -0.338946
0.9575 -0.319389
0.96 -0.299346
0.9625 -0.278929
0.965 -0.258252
0.9675 -0.237431
0.97 -0.21658
0.9725 -0.195813
0.975 -0.17524
0.9775 -0.154967
0.98 -0.135095
0.9825 -0.115716
0.985 -0.0969175
0.9875 -0.0787774
0.99 -0.0613641
0.9925 -0.0447367
0.995 -0.0289436
0.9975 -0.0140226
1 -0.00678416
