0 0.0437357
0.00787402 0.081037
0.015748 0.148699
0.023622 0.202617
0.0314961 0.244037
0.0393701 0.275685
0.0472441 0.30064
0.0551181 0.321298
0.0629921 0.339008
0.0708661 0.354257
0.0787402 0.367049
0.0866142 0.377224
0.0944882 0.384646
0.102362 0.389281
0.110236 0.391215
0.11811 0.39064
0.125984 0.387833
0.133858 0.383128
0.141732 0.376887
0.149606 0.369473
0.15748 0.361226
0.165354 0.352446
0.173228 0.34338
0.181102 0.33422
0.188976 0.325101
0.19685 0.31611
0.204724 0.307291
0.212598 0.298658
0.220472 0.290203
0.228346 0.281906
0.23622 0.273739
0.244094 0.265677
0.251969 0.257692
0.259843 0.249766
0.267717 0.24188
0.275591 0.234025
0.283465 0.226192
0.291339 0.218378
0.299213 0.210579
0.307087 0.202795
0.314961 0.195027
0.322835 0.187276
0.330709 0.179541
0.338583 0.171823
0.346457 0.164123
0.354331 0.156441
0.362205 0.148776
0.370079 0.141127
0.377953 0.133495
0.385827 0.125878
0.393701 0.118275
0.401575 0.110685
0.409449 0.103107
0.417323 0.0955403
0.425197 0.0879827
0.433071 0.0804333
0.440945 0.072891
0.448819 0.0653543
0.456693 0.0578222
0.464567 0.0502931
0.472441 0.0427658
0.480315 0.0352389
0.488189 0.0277111
0.496063 0.0201808
0.503937 0.0126467
0.511811 0.00510727
0.519685 -0.00243901
0.527559 -0.00999366
0.535433 -0.0175582
0.543307 -0.0251343
0.551181 -0.0327235
0.559055 -0.0403275
0.566929 -0.0479479
0.574803 -0.0555864
0.582677 -0.0632446
0.590551 -0.0709243
0.598425 -0.0786272
0.606299 -0.086355
0.614173 -0.0941095
0.622047 -0.101892
0.629921 -0.109706
0.637795 -0.117551
0.645669 -0.12543
0.653543 -0.133344
0.661417 -0.141296
0.669291 -0.149288
0.677165 -0.157322
0.685039 -0.165399
0.692913 -0.173524
0.700787 -0.181697
0.708661 -0.189922
0.716535 -0.198202
0.724409 -0.20654
0.732283 -0.214939
0.740157 -0.223401
0.748031 -0.231927
0.755906 -0.240519
0.76378 -0.249174
0.771654 -0.257888
0.779528 -0.266652
0.787402 -0.275454
0.795276 -0.284275
0.80315 -0.293089
0.811024 -0.301869
0.818898 -0.310581
0.826772 -0.319199
0.834646 -0.32771
0.84252 -0.336134
0.850394 -0.344554
0.858268 -0.353155
0.866142 -0.362263
0.874016 -0.37239
0.88189 -0.384239
0.889764 -0.398645
0.897638 -0.416394
0.905512 -0.437864
0.913386 -0.462498
0.92126 -0.488169
0.929134 -0.51067
0.937008 -0.523706
0.944882 -0.5198
0.952756 -0.492263
0.96063 -0.437815
0.968504 -0.358734
0.976378 -0.263256
0.984252 -0.163696
0.992126 -0.0728107
1 -0.0310251
