0 -0.0237208
0.015873 -0.0444766
0.031746 -0.0837919
0.047619 -0.1196
0.0634921 -0.153582
0.0793651 -0.186912
0.0952381 -0.219788
0.111111 -0.251382
0.126984 -0.280175
0.142857 -0.304413
0.15873 -0.322539
0.174603 -0.333522
0.190476 -0.337064
0.206349 -0.333652
0.222222 -0.324427
0.238095 -0.310914
0.253968 -0.294711
0.269841 -0.277226
0.285714 -0.259515
0.301587 -0.242243
0.31746 -0.225723
0.333333 -0.210014
0.349206 -0.195016
0.365079 -0.180558
0.380952 -0.166458
0.396825 -0.152559
0.412698 -0.138741
0.428571 -0.124925
0.444444 -0.11106
0.460317 -0.0971231
0.47619 -0.0831022
0.492063 -0.0689937
0.507937 -0.0547961
0.52381 -0.0405069
0.539683 -0.026121
0.555556 -0.0116299
0.571429 0.00297855
0.587302 0.0177206
0.603175 0.0326163
0.619048 0.0476901
0.634921 0.0629703
0.650794 0.0784893
0.666667 0.0942828
0.68254 0.110387
0.698413 0.126838
0.714286 0.143662
0.730159 0.160873
0.746032 0.17846
0.761905 0.196376
0.777778 0.214527
0.793651 0.23276
0.809524 0.250856
0.825397 0.268525
0.84127 0.285414
0.857143 0.301113
0.873016 0.315191
0.888889 0.327289
0.904762 0.337524
0.920635 0.347903
0.936508 0.36609
0.952381 0.411756
0.968254 0.519582
0.984127 0.722189
1 0.850114
