0 -0.031808
0.00787402 -0.0591681
0.015748 -0.109747
0.023622 -0.152747
0.0314961 -0.189938
0.0393701 -0.223356
0.0472441 -0.25448
0.0551181 -0.283844
0.0629921 -0.311175
0.0708661 -0.33576
0.0787402 -0.356792
0.0866142 -0.373584
0.0944882 -0.385701
0.102362 -0.393025
0.110236 -0.395774
0.11811 -0.394458
0.125984 -0.389798
0.133858 -0.382625
0.141732 -0.373769
0.149606 -0.363974
0.15748 -0.353845
0.165354 -0.343819
0.173228 -0.334171
0.181102 -0.325038
0.188976 -0.316451
0.19685 -0.308367
0.204724 -0.300705
0.212598 -0.293369
0.220472 -0.286263
0.228346 -0.279305
0.23622 -0.272429
0.244094 -0.265586
0.251969 -0.258747
0.259843 -0.251891
0.267717 -0.245011
0.275591 -0.238106
0.283465 -0.231176
0.291339 -0.224227
0.299213 -0.217264
0.307087 -0.210292
0.314961 -0.203315
0.322835 -0.196337
0.330709 -0.18936
0.338583 -0.182386
0.346457 -0.175416
0.354331 -0.168449
0.362205 -0.161486
0.370079 -0.154527
0.377953 -0.14757
0.385827 -0.140614
0.393701 -0.13366
0.401575 -0.126705
0.409449 -0.11975
0.417323 -0.112792
0.425197 -0.105831
0.433071 -0.0988663
0.440945 -0.0918965
0.448819 -0.0849205
0.456693 -0.0779374
0.464567 -0.0709459
0.472441 -0.063945
0.480315 -0.0569335
0.488189 -0.0499099
0.496063 -0.0428731
0.503937 -0.0358217
0.511811 -0.0287541
0.519685 -0.0216689
0.527559 -0.0145644
0.535433 -0.00743911
0.543307 -0.000291218
0.551181 0.00688103
0.559055 0.0140795
0.566929 0.0213061
0.574803 0.0285627
0.582677 0.0358516
0.590551 0.0431747
0.598425 0.0505343
0.606299 0.0579326
0.614173 0.0653721
0.622047 0.072855
0.629921 0.080384
0.637795 0.0879615
0.645669 0.0955902
0.653543 0.103273
0.661417 0.111012
0.669291 0.118811
0.677165 0.126671
0.685039 0.134597
0.692913 0.142591
0.700787 0.150656
0.708661 0.158794
0.716535 0.16701
0.724409 0.175305
0.732283 0.183684
0.740157 0.192151
0.748031 0.200709
0.755906 0.209364
0.76378 0.218121
0.771654 0.226988
0.779528 0.235973
0.787402 0.245086
0.795276 0.254336
0.80315 0.263736
0.811024 0.273295
0.818898 0.283022
0.826772 0.292921
0.834646 0.302991
0.84252 0.313218
0.850394 0.323575
0.858268 0.334016
0.866142 0.344472
0.874016 0.354845
0.88189 0.365011
0.889764 0.37481
0.897638 0.384057
0.905512 0.392536
0.913386 0.400011
0.92126 0.406236
0.929134 0.410996
0.937008 0.414228
0.944882 0.416418
0.952756 0.419564
0.96063 0.42902
0.968504 0.455761
0.976378 0.516884
0.984252 0.630221
0.992126 0.800071
1 0.898222
