0 -0.0139559
0.00714286 -0.0270226
0.0142857 -0.0523424
0.0214286 -0.0761085
0.0285714 -0.0984784
0.0357143 -0.119634
0.0428571 -0.13978
0.05 -0.159129
0.0571429 -0.177883
0.0642857 -0.196203
0.0714286 -0.214198
0.0785714 -0.231908
0.0857143 -0.249306
0.0928571 -0.266299
0.1 -0.282744
0.107143 -0.29846
0.114286 -0.313244
0.121429 -0.326891
0.128571 -0.3392
0.135714 -0.349993
0.142857 -0.359123
0.15 -0.36648
0.157143 -0.371995
0.164286 -0.375648
0.171429 -0.377466
0.178571 -0.377517
0.185714 -0.375911
0.192857 -0.37279
0.2 -0.368324
0.207143 -0.362695
0.214286 -0.356096
0.221429 -0.348719
0.228571 -0.340748
0.235714 -0.332352
0.242857 -0.323684
0.25 -0.314873
0.257143 -0.306029
0.264286 -0.297236
0.271429 -0.288561
0.278571 -0.280047
0.285714 -0.271723
0.292857 -0.263602
0.3 -0.255686
0.307143 -0.247967
0.314286 -0.240432
0.321429 -0.233063
0.328571 -0.225839
0.335714 -0.218739
0.342857 -0.211741
0.35 -0.204826
0.357143 -0.197975
0.364286 -0.191171
0.371429 -0.184401
0.378571 -0.177652
0.385714 -0.170915
0.392857 -0.164183
0.4 -0.157448
0.407143 -0.150706
0.414286 -0.143954
0.421429 -0.13719
0.428571 -0.130412
0.435714 -0.12362
0.442857 -0.116812
0.45 -0.109989
0.457143 -0.103151
0.464286 -0.0962979
0.471429 -0.0894297
0.478571 -0.0825465
0.485714 -0.0756483
0.492857 -0.068735
0.5 -0.0618063
0.507143 -0.0548616
0.514286 -0.0479004
0.521429 -0.0409221
0.528571 -0.0339256
0.535714 -0.0269099
0.542857 -0.019874
0.55 -0.0128164
0.557143 -0.00573596
0.564286 0.00136901
0.571429 0.0085001
0.578571 0.0156591
0.585714 0.0228478
0.592857 0.0300683
0.6 0.0373226
0.607143 0.0446132
0.614286 0.0519424
0.621429 0.0593128
0.628571 0.0667273
0.635714 0.0741887
0.642857 0.0817004
0.65 0.0892656
0.657143 0.0968879
0.664286 0.104571
0.671429 0.112319
0.678571 0.120136
0.685714 0.128025
0.692857 0.135991
0.7 0.144038
0.707143 0.15217
0.714286 0.160389
0.721429 0.168699
0.728571 0.177101
0.735714 0.185597
0.742857 0.194186
0.75 0.202867
0.757143 0.211635
0.764286 0.220486
0.771429 0.229409
0.778571 0.238396
0.785714 0.24743
0.792857 0.256495
0.8 0.265569
0.807143 0.274627
0.814286 0.28364
0.821429 0.292575
0.828571 0.301395
0.835714 0.310059
0.842857 0.318524
0.85 0.326742
0.857143 0.334665
0.864286 0.342242
0.871429 0.349425
0.878571 0.356169
0.885714 0.362445
0.892857 0.368251
0.9 0.373638
0.907143 0.378752
0.914286 0.383904
0.921429 0.389661
0.928571 0.396967
0.935714 0.407278
0.942857 0.42267
0.95 0.445861
0.957143 0.480068
0.964286 0.528593
0.971429 0.594098
0.978571 0.677567
0.985714 0.777181
0.992857 0.887543
1 0.944499
