0 -0.0051678
0.0025 -0.0102139
0.005 -0.0201886
0.0075 -0.0299315
0.01 -0.0394496
0.0125 -0.0487494
0.015 -0.0578374
0.0175 -0.06672
0.02 -0.0754041
0.0225 -0.0838969
0.025 -0.0922059
0.0275 -0.100339
0.03 -0.108305
0.0325 -0.116114
0.035 -0.123774
0.0375 -0.131295
0.04 -0.138687
0.0425 -0.145961
0.045 -0.153127
0.0475 -0.160193
0.05 -0.167171
0.0525 -0.174068
0.055 -0.180893
0.0575 -0.187653
0.06 -0.194356
0.0625 -0.201007
0.065 -0.207611
0.0675 -0.214171
0.07 -0.220689
0.0725 -0.227168
0.075 -0.233606
0.0775 -0.240004
0.08 -0.246358
0.0825 -0.252665
0.085 -0.258922
0.0875 -0.265122
0.09 -0.271261
0.0925 -0.27733
0.095 -0.283323
0.0975 -0.289232
0.1 -0.295047
0.1025 -0.300761
0.105 -0.306363
0.1075 -0.311845
0.11 -0.317196
0.1125 -0.322409
0.115 -0.327472
0.1175 -0.332377
0.12 -0.337115
0.1225 -0.341677
0.125 -0.346054
0.1275 -0.350239
0.13 -0.354225
0.1325 -0.358003
0.135 -0.361569
0.1375 -0.364915
0.14 -0.368038
0.1425 -0.370932
0.145 -0.373594
0.1475 -0.376021
0.15 -0.37821
0.1525 -0.380161
0.155 -0.381872
0.1575 -0.383343
0.16 -0.384576
0.1625 -0.385572
0.165 -0.386333
0.1675 -0.386862
0.17 -0.387163
0.1725 -0.38724
0.175 -0.387098
0.1775 -0.386743
0.18 -0.386181
0.1825 -0.385418
0.185 -0.384461
0.1875 -0.383318
0.19 -0.381997
0.1925 -0.380505
0.195 -0.378851
0.1975 -0.377044
0.2 -0.375092
0.2025 -0.373004
0.205 -0.370789
0.2075 -0.368455
0.21 -0.366012
0.2125 -0.363467
0.215 -0.360831
0.2175 -0.35811
0.22 -0.355314
0.2225 -0.35245
0.225 -0.349526
0.2275 -0.346549
0.23 -0.343527
0.2325 -0.340467
0.235 -0.337374
0.2375 -0.334255
0.24 -0.331116
0.2425 -0.327962
0.245 -0.324799
0.2475 -0.32163
0.25 -0.318461
0.2525 -0.315295
0.255 -0.312135
0.2575 -0.308986
0.26 -0.30585
0.2625 -0.302729
0.265 -0.299626
0.2675 -0.296543
0.27 -0.293481
0.2725 -0.290443
0.275 -0.287428
0.2775 -0.284439
0.28 -0.281475
0.2825 -0.278537
0.285 -0.275626
0.2875 -0.272741
0.29 -0.269883
0.2925 -0.267052
0.295 -0.264246
0.2975 -0.261465
0.3 -0.25871
0.3025 -0.255979
0.305 -0.253272
0.3075 -0.250587
0.31 -0.247924
0.3125 -0.245283
0.315 -0.242661
0.3175 -0.240059
0.32 -0.237475
0.3225 -0.234908
0.325 -0.232358
0.3275 -0.229822
0.33 -0.227301
0.3325 -0.224794
0.335 -0.222299
0.3375 -0.219815
0.34 -0.217342
0.3425 -0.214878
0.345 -0.212424
0.3475 -0.209978
0.35 -0.207539
0.3525 -0.205106
0.355 -0.20268
0.3575 -0.200258
0.36 -0.197842
0.3625 -0.195429
0.365 -0.19302
0.3675 -0.190614
0.37 -0.18821
0.3725 -0.185808
0.375 -0.183408
0.3775 -0.181009
0.38 -0.178611
0.3825 -0.176214
0.385 -0.173816
0.3875 -0.171419
0.39 -0.169022
0.3925 -0.166624
0.395 -0.164225
0.3975 -0.161826
0.4 -0.159425
0.4025 -0.157024
0.405 -0.154621
0.4075 -0.152216
0.41 -0.149811
0.4125 -0.147403
0.415 -0.144994
0.4175 -0.142584
0.42 -0.140172
0.4225 -0.137758
0.425 -0.135342
0.4275 -0.132924
0.43 -0.130505
0.4325 -0.128084
0.435 -0.125661
0.4375 -0.123236
0.44 -0.120809
0.4425 -0.118381
0.445 -0.11595
0.4475 -0.113518
0.45 -0.111084
0.4525 -0.108648
0.455 -0.106211
0.4575 -0.103772
0.46 -0.10133
0.4625 -0.0988876
0.465 -0.096443
0.4675 -0.0939967
0.47 -0.0915485
0.4725 -0.0890987
0.475 -0.086647
0.4775 -0.0841936
0.48 -0.0817385
0.4825 -0.0792816
0.485 -0.0768229
0.4875 -0.0743624
0.49 -0.0719
0.4925 -0.0694359
0.495 -0.0669699
0.4975 -0.0645021
0.5 -0.0620324
0.5025 -0.0595608
0.505 -0.0570872
0.5075 -0.0546116
0.51 -0.0521341
0.5125 -0.0496545
0.515 -0.0471728
0.5175 -0.044689
0.52 -0.0422031
0.5225 -0.039715
0.525 -0.0372246
0.5275 -0.0347319
0.53 -0.0322369
0.5325 -0.0297395
0.535 -0.0272396
0.5375 -0.0247373
0.54 -0.0222324
0.5425 -0.0197248
0.545 -0.0172146
0.5475 -0.0147017
0.55 -0.012186
0.5525 -0.00966738
0.555 -0.00714584
0.5575 -0.00462131
0.56 -0.00209371
0.5625 0.000437026
0.565 0.00297098
0.5675 0.00550822
0.57 0.00804882
0.5725 0.0105929
0.575 0.0131404
0.5775 0.0156916
0.58 0.0182465
0.5825 0.0208051
0.585 0.0233676
0.5875 0.025934
0.59 0.0285045
0.5925 0.031079
0.595 0.0336579
0.5975 0.036241
0.6 0.0388285
0.6025 0.0414206
0.605 0.0440173
0.6075 0.0466187
0.61 0.0492249
0.6125 0.0518361
0.615 0.0544524
0.6175 0.0570738
0.62 0.0597005
0.6225 0.0623326
0.625 0.0649703
0.6275 0.0676136
0.63 0.0702627
0.6325 0.0729177
0.635 0.0755788
0.6375 0.0782461
0.64 0.0809197
0.6425 0.0835998
0.645 0.0862865
0.6475 0.08898
0.65 0.0916805
0.6525 0.094388
0.655 0.0971028
0.6575 0.099825
0.66 0.102555
0.6625 0.105292
0.665 0.108038
0.6675 0.110791
0.67 0.113553
0.6725 0.116323
0.675 0.119102
0.6775 0.12189
0.68 0.124687
0.6825 0.127492
0.685 0.130308
0.6875 0.133132
0.69 0.135967
0.6925 0.138811
0.695 0.141666
0.6975 0.14453
0.7 0.147405
0.7025 0.150291
0.705 0.153187
0.7075 0.156095
0.71 0.159013
0.7125 0.161943
0.715 0.164884
0.7175 0.167836
0.72 0.1708
0.7225 0.173776
0.725 0.176764
0.7275 0.179763
0.73 0.182774
0.7325 0.185797
0.735 0.188833
0.7375 0.19188
0.74 0.194939
0.7425 0.19801
0.745 0.201093
0.7475 0.204188
0.75 0.207295
0.7525 0.210413
0.755 0.213542
0.7575 0.216682
0.76 0.219834
0.7625 0.222995
0.765 0.226167
0.7675 0.229349
0.77 0.23254
0.7725 0.235741
0.775 0.238949
0.7775 0.242166
0.78 0.245389
0.7825 0.24862
0.785 0.251856
0.7875 0.255098
0.79 0.258343
0.7925 0.261592
0.795 0.264844
0.7975 0.268097
0.8 0.27135
0.8025 0.274603
0.805 0.277854
0.8075 0.281101
0.81 0.284344
0.8125 0.287581
0.815 0.290811
0.8175 0.294032
0.82 0.297243
0.8225 0.300441
0.825 0.303626
0.8275 0.306795
0.83 0.309947
0.8325 0.31308
0.835 0.316191
0.8375 0.319279
0.84 0.322342
0.8425 0.325378
0.845 0.328385
0.8475 0.33136
0.85 0.334301
0.8525 0.337206
0.855 0.340073
0.8575 0.3429
0.86 0.345684
0.8625 0.348422
0.865 0.351114
0.8675 0.353756
0.87 0.356347
0.8725 0.358884
0.875 0.361367
0.8775 0.363792
0.88 0.36616
0.8825 0.368469
0.885 0.370718
0.8875 0.372908
0.89 0.37504
0.8925 0.377116
0.895 0.379138
0.8975 0.381112
0.9 0.383042
0.9025 0.384938
0.905 0.386809
0.9075 0.388669
0.91 0.390534
0.9125 0.392427
0.915 0.39437
0.9175 0.396396
0.92 0.39854
0.9225 0.400845
0.925 0.40336
0.9275 0.406145
0.93 0.409265
0.9325 0.412796
0.935 0.416823
0.9375 0.42144
0.94 0.426752
0.9425 0.432873
0.945 0.439925
0.9475 0.448037
0.95 0.457345
0.9525 0.467988
0.955 0.480107
0.9575 0.49384
0.96 0.509319
0.9625 0.526665
0.965 0.545983
0.9675 0.567357
0.97 0.590843
0.9725 0.616466
0.975 0.644208
0.9775 0.674009
0.98 0.70576
0.9825 0.739296
0.985 0.774403
0.9875 0.81081
0.99 0.848199
0.9925 0.886208
0.995 0.924446
0.9975 0.962509
1 0.981446
