0 -0.0153125
0.00787402 -0.0295165
0.015748 -0.0569272
0.023622 -0.0824543
0.0314961 -0.106338
0.0393701 -0.128854
0.0472441 -0.1503
0.0551181 -0.170967
0.0629921 -0.191096
0.0708661 -0.210851
0.0787402 -0.230297
0.0866142 -0.249395
0.0944882 -0.268012
0.102362 -0.285943
0.110236 -0.302935
0.11811 -0.318709
0.125984 -0.332992
0.133858 -0.345528
0.141732 -0.356103
0.149606 -0.364554
0.15748 -0.370782
0.165354 -0.374752
0.173228 -0.376501
0.181102 -0.376129
0.188976 -0.373791
0.19685 -0.369693
0.204724 -0.364068
0.212598 -0.35717
0.220472 -0.349256
0.228346 -0.340577
0.23622 -0.331363
0.244094 -0.321818
0.251969 -0.312116
0.259843 -0.302398
0.267717 -0.29277
0.275591 -0.283311
0.283465 -0.274069
0.291339 -0.265071
0.299213 -0.256322
0.307087 -0.247817
0.314961 -0.239537
0.322835 -0.231459
0.330709 -0.223554
0.338583 -0.215793
0.346457 -0.208149
0.354331 -0.200595
0.362205 -0.193107
0.370079 -0.185665
0.377953 -0.178252
0.385827 -0.170855
0.393701 -0.163462
0.401575 -0.156066
0.409449 -0.14866
0.417323 -0.14124
0.425197 -0.133805
0.433071 -0.126351
0.440945 -0.118878
0.448819 -0.111386
0.456693 -0.103875
0.464567 -0.0963457
0.472441 -0.0887972
0.480315 -0.0812302
0.488189 -0.0736444
0.496063 -0.0660397
0.503937 -0.0584156
0.511811 -0.0507714
0.519685 -0.0431063
0.527559 -0.035419
0.535433 -0.0277083
0.543307 -0.0199726
0.551181 -0.0122102
0.559055 -0.00441917
0.566929 0.00340255
0.574803 0.0112572
0.582677 0.0191473
0.590551 0.0270754
0.598425 0.0350443
0.606299 0.0430572
0.614173 0.0511171
0.622047 0.0592277
0.629921 0.0673928
0.637795 0.0756163
0.645669 0.0839026
0.653543 0.0922563
0.661417 0.100682
0.669291 0.109186
0.677165 0.117772
0.685039 0.126446
0.692913 0.135214
0.700787 0.144081
0.708661 0.153051
0.716535 0.162129
0.724409 0.171319
0.732283 0.180622
0.740157 0.19004
0.748031 0.199571
0.755906 0.20921
0.76378 0.21895
0.771654 0.228782
0.779528 0.23869
0.787402 0.248654
0.795276 0.258651
0.80315 0.268651
0.811024 0.278618
0.818898 0.288511
0.826772 0.298283
0.834646 0.307881
0.84252 0.317248
0.850394 0.326322
0.858268 0.335037
0.866142 0.343327
0.874016 0.351129
0.88189 0.35839
0.889764 0.365087
0.897638 0.371252
0.905512 0.377035
0.913386 0.382792
0.92126 0.389225
0.929134 0.397573
0.937008 0.409815
0.944882 0.428834
0.952756 0.458413
0.96063 0.502897
0.968504 0.566371
0.976378 0.651262
0.984252 0.75658
0.992126 0.876432
1 0.938915
