0 0.0624623
0.00787402 0.111661
0.015748 0.193879
0.023622 0.247969
0.0314961 0.284466
0.0393701 0.312459
0.0472441 0.334999
0.0551181 0.352043
0.0629921 0.363194
0.0708661 0.368621
0.0787402 0.369072
0.0866142 0.365652
0.0944882 0.359569
0.102362 0.351929
0.110236 0.343605
0.11811 0.335185
0.125984 0.326989
0.133858 0.31913
0.141732 0.311595
0.149606 0.304311
0.15748 0.297197
0.165354 0.290184
0.173228 0.283226
0.181102 0.2763
0.188976 0.269395
0.19685 0.26251
0.204724 0.255646
0.212598 0.248805
0.220472 0.24199
0.228346 0.2352
0.23622 0.228435
0.244094 0.221694
0.251969 0.214977
0.259843 0.208281
0.267717 0.201605
0.275591 0.194949
0.283465 0.188311
0.291339 0.181691
0.299213 0.175087
0.307087 0.168499
0.314961 0.161926
0.322835 0.155368
0.330709 0.148824
0.338583 0.142292
0.346457 0.135774
0.354331 0.129267
0.362205 0.122771
0.370079 0.116286
0.377953 0.109811
0.385827 0.103345
0.393701 0.0968873
0.401575 0.0904375
0.409449 0.0839948
0.417323 0.0775583
0.425197 0.0711273
0.433071 0.0647009
0.440945 0.0582783
0.448819 0.0518587
0.456693 0.045441
0.464567 0.0390245
0.472441 0.0326081
0.480315 0.0261909
0.488189 0.0197719
0.496063 0.0133499
0.503937 0.00692405
0.511811 0.000493151
0.519685 -0.00594389
0.527559 -0.0123882
0.535433 -0.018841
0.543307 -0.0253034
0.551181 -0.0317766
0.559055 -0.0382619
0.566929 -0.0447606
0.574803 -0.0512739
0.582677 -0.0578031
0.590551 -0.0643496
0.598425 -0.0709146
0.606299 -0.0774996
0.614173 -0.0841058
0.622047 -0.0907348
0.629921 -0.0973879
0.637795 -0.104067
0.645669 -0.110772
0.653543 -0.117506
0.661417 -0.12427
0.669291 -0.131065
0.677165 -0.137894
0.685039 -0.144756
0.692913 -0.151654
0.700787 -0.15859
0.708661 -0.165564
0.716535 -0.172579
0.724409 -0.179636
0.732283 -0.186736
0.740157 -0.193881
0.748031 -0.201072
0.755906 -0.208311
0.76378 -0.2156
0.771654 -0.222938
0.779528 -0.230328
0.787402 -0.237772
0.795276 -0.245269
0.80315 -0.252824
0.811024 -0.260439
0.818898 -0.268116
0.826772 -0.275862
0.834646 -0.283681
0.84252 -0.291576
0.850394 -0.299546
0.858268 -0.307576
0.866142 -0.315635
0.874016 -0.323663
0.88189 -0.331571
0.889764 -0.339246
0.897638 -0.346607
0.905512 -0.353737
0.913386 -0.361149
0.92126 -0.370158
0.929134 -0.383126
0.937008 -0.402893
0.944882 -0.43039
0.952756 -0.460107
0.96063 -0.475824
0.968504 -0.452847
0.976378 -0.37247
0.984252 -0.242699
0.992126 -0.103441
1 -0.038118
